Original x shape: torch.Size([2, 3, 4])

=== BatchNorm Output ===
batch norm result: tensor([[[-1.4638, -1.4638, -1.4638, -1.4638],
         [-0.8783, -0.8783, -0.8783, -0.8783],
         [-0.2928, -0.2928, -0.2928, -0.2928]],

        [[ 0.2928,  0.2928,  0.2928,  0.2928],
         [ 0.8783,  0.8783,  0.8783,  0.8783],
         [ 1.4638,  1.4638,  1.4638,  1.4638]]])

=== LayerNorm Output ===
layer norm output: tensor([[[-1.3416, -0.4472,  0.4472,  1.3416],
         [-1.3416, -0.4472,  0.4472,  1.3416],
         [-1.3416, -0.4472,  0.4472,  1.3416]],

        [[-1.3416, -0.4472,  0.4472,  1.3416],
         [-1.3416, -0.4472,  0.4472,  1.3416],
         [-1.3416, -0.4472,  0.4472,  1.3416]]])
