rope demo......
RoPE Applied:
 tensor([[[ 1.8372,  0.2357,  0.4039,  1.1141, -0.2080,  0.5767,  1.2654,
          -0.5993,  0.3123,  0.3704, -1.4828,  0.5030, -0.1567, -0.9200,
           1.4305,  0.0631],
         [ 0.0112, -1.4333,  0.3280,  0.0894, -0.2115, -0.8289,  0.2396,
           1.1828,  0.8105, -0.8462, -0.5985, -0.0763,  0.0304, -1.4813,
           0.2906,  0.1845],
         [-1.2491, -1.0698, -0.5582, -0.9099,  2.0248,  0.8458,  0.8011,
          -0.2126, -0.2762, -1.3206, -1.2809,  0.5788, -0.4238, -0.3613,
          -0.7890,  0.3953],
         [ 0.5063,  0.4469,  0.6867,  2.3654,  1.8975, -0.2976, -0.8059,
           0.0549, -0.1681, -0.5679, -2.6309, -1.4884,  0.0927, -1.4652,
           1.0067,  0.9922],
         [-1.1451,  0.2225,  0.5980, -1.3475, -0.9608,  2.1175, -0.7049,
          -0.2227,  1.5750,  2.1469,  0.0226,  1.2024, -0.5675,  1.1201,
           1.3612,  1.5256],
         [-0.8706, -1.1233,  1.0406,  0.8184, -0.2227,  1.3647,  0.1683,
           0.7213, -1.3363,  0.3132, -0.0234,  0.6319, -0.1393,  1.7393,
          -0.6441,  0.5035]]])
