BERT demo......
The shape of embeddings are: torch.Size([1, 7, 768])
word embeddings are:
tensor([[[-0.2810, -0.0482, -0.1013,  ..., -0.4972,  0.1912,  0.9041],
         [-0.7726, -0.5249, -0.0580,  ..., -0.6560,  0.6868,  0.3801],
         [-0.3695, -0.5830,  0.4278,  ..., -0.4327,  0.0379,  0.9097],
         ...,
         [-0.1463, -0.3780,  0.0361,  ..., -0.4566, -0.2561, -0.1740],
         [-0.2732, -0.2735, -0.4977,  ...,  0.2958, -0.0060, -0.1572],
         [ 0.6660, -0.1010, -0.4946,  ...,  0.4617, -0.8314, -0.1667]]],
       grad_fn=<NativeLayerNormBackward0>)
The shape of position embeddings are: torch.Size([1, 7, 768])
Position embeddings:
tensor([[[ 1.7505e-02, -2.5631e-02, -3.6642e-02,  ...,  3.3437e-05,
           6.8312e-04,  1.5441e-02],
         [ 7.7580e-03,  2.2613e-03, -1.9444e-02,  ...,  2.8910e-02,
           2.9753e-02, -5.3247e-03],
         [-1.1287e-02, -1.9644e-03, -1.1573e-02,  ...,  1.4908e-02,
           1.8741e-02, -7.3140e-03],
         ...,
         [-5.6087e-03, -1.0445e-02, -7.2288e-03,  ...,  2.0837e-02,
           3.5402e-03,  4.7708e-03],
         [-3.0871e-03, -1.8956e-02, -1.8930e-02,  ...,  7.4045e-03,
           2.0183e-02,  3.4077e-03],
         [ 6.4257e-03, -1.7664e-02, -2.2067e-02,  ...,  6.7531e-04,
           1.1108e-02,  3.7521e-03]]], grad_fn=<EmbeddingBackward0>)
glove demo.......
Vector for 'sample':
[-0.31059    0.66222    0.21789   -0.046964  -0.37409    0.71737
  0.92633    0.80566   -0.31682    0.54172   -0.30107   -0.1522
 -0.047403  -0.14923    0.57646    0.76697    0.21433    0.20375
  0.57335   -0.0186    -0.38483   -0.34623    0.10475   -0.48937
 -0.68399   -0.26709    0.70421    0.0032026  0.25875   -0.20735
  0.29176   -0.35039    0.078128   0.69664    0.84063    0.019594
  0.32728    0.49883   -0.4859    -0.59618   -0.13152   -0.58993
 -0.49327   -0.16369   -0.31943    0.13787   -0.75657   -0.98744
 -0.11669   -0.3329     1.1011     0.40166    0.23021    0.10653
 -0.47182   -1.2705    -0.72376   -0.10318    1.4433     0.011268
  0.29639    0.45875    0.56541    0.55125    1.2032     0.4963
  0.30035   -0.21314    0.36452   -0.07512   -0.18296    0.97547
  0.65208    0.49546    0.18021    0.70638   -0.02527   -0.88635
 -0.31636   -0.34983    0.10328    0.28178   -0.72644   -0.57728
 -1.1255    -0.30205    1.209     -0.23275   -0.34631    0.42445
 -0.48058    0.50546   -0.21942   -0.19309    0.29072    0.26906
 -0.50211   -0.33296   -0.40494    0.29489  ]

Most similar to 'sample':
[('samples', 0.8527889847755432), ('sampling', 0.7500016689300537), ('urine', 0.7264154553413391), ('measurements', 0.6070224642753601), ('analyzed', 0.5985800623893738), ('testing', 0.5975296497344971), ('dna', 0.5960320830345154), ('analysis', 0.5932361483573914), ('tests', 0.58931565284729), ('sampled', 0.5860516428947449)]
